eval_acc_slot = 1.0	1.0	1.0	1.0	1.0	0.0	0.00094953877851367	0.0	0.0	0.0	0.007053716573864222	0.002577319508418441	0.0	0.00013564839900936931	0.0	0.0	0.01139446534216404	0.021568095311522484	0.006375474855303764	0.026044491678476334	0.0	0.013022245839238167	0.00284861633554101	0.8601465225219727	0.8579761385917664	0.0	0.019262073561549187	0.0029842648655176163	0.008138904348015785	0.012072707526385784	0.00935973972082138	0.0	0.8191806674003601	0.0	0.0	0.012615300714969635
eval_accuracy = 0.0
eval_loss = 99.62080583556865
eval_loss_slot = 0.6100983907444867	0.6095230690872159	0.0	0.5068696111004054	1.3478827968086164	5.130233000687006	4.498840770835276	4.404868409029505	5.131133551514802	3.23113891800913	5.185849283676851	4.946055015531883	2.065969721800726	3.1034307637036136	2.4281232214724313	3.3724566246592604	1.6359267436125584	2.0489992983174337	1.6354626298468202	1.8805453731065462	4.064776305620656	2.250904992214701	1.7289220582546259	2.0249411086801983	2.2054515534681403	2.3585743600430855	1.9371928227090085	4.645145596335003	3.262624998068072	1.6760663692387174	1.956284890097894	4.890078443583107	2.1358661746370746	2.176491795612041	4.10924958587663	4.424827426526447
loss = None
